391    571    790    970    1336   1368   1386   1537   1571   2358   2830   3116   3368   3500   3789   4000   4306   4784   4824   4918   5436   5473   6382   6640   7236   7471   7478   7722   7897   8544   8745   8844   8976   9388   9471   9769   10514  10810  11055  11336  11647  12390  12969  12995  13189  13420  14894  14928  15281  15341  15351  15509  15879  17200  17491  17875  19107  19155  19632  19829  19887  20816  21132  21230  21620  22134  22189  22810  22994  23082  23107  23525  23817  24160  24169  24684  25239  26171  26228  26285  26526  26585  26691  26766  27328  27347  28349  28503  28681  29184  30383  30631  30695  31665  31733  31849  31976  32181  32744  32744  

----------

391    571    790    970    1336   1368   1386   1537   1571   2358   2830   3116   3368   3500   3789   4000   4306   4784   4824   4918   5436   5473   6382   6640   7236   7471   7478   7722   7897   8544   8745   8844   8976   9388   9471   9769   10514  10810  11055  11336  11647  12390  12969  12995  13189  13420  14894  14928  15281  15341  15351  15509  15879  17200  17491  17875  19107  19155  19632  19829  19887  20816  21132  21230  21620  22134  22189  22810  22994  23082  23107  23525  23817  24160  24169  24684  25239  26171  26228  26285  26526  26585  26691  26766  27328  27347  28349  28503  28681  29184  30383  30631  30695  31665  31733  31849  31976  32181  32744  32744  

----------

391    571    790    970    1336   1368   1386   1537   1571   2358   2830   3116   3368   3500   3789   4000   4306   4784   4824   4918   5436   5473   6382   6640   7236   7471   7478   7722   7897   8544   8745   8844   8976   9388   9471   9769   10514  10810  11055  11336  11647  12390  12969  12995  13189  13420  14894  14928  15281  15341  15351  15509  15879  17200  17491  17875  19107  19155  19632  19829  19887  20816  21132  21230  21620  22134  22189  22810  22994  23082  23107  23525  23817  24160  24169  24684  25239  26171  26228  26285  26526  26585  26691  26766  27328  27347  28349  28503  28681  29184  30383  30631  30695  31665  31733  31849  31976  32181  32744  32744  

----------

391    571    790    970    1336   1368   1386   1537   1571   2358   2830   3116   3368   3500   3789   4000   4306   4784   4824   4918   5436   5473   6382   6640   7236   7471   7478   7722   7897   8544   8745   8844   8976   9388   9471   9769   10514  10810  11055  11336  11647  12390  12969  12995  13189  13420  14894  14928  15281  15341  15351  15509  15879  17200  17491  17875  19107  19155  19632  19829  19887  20816  21132  21230  21620  22134  22189  22810  22994  23082  23107  23525  23817  24160  24169  24684  25239  26171  26228  26285  26526  26585  26691  26766  27328  27347  28349  28503  28681  29184  30383  30631  30695  31665  31733  31849  31976  32181  32744  32744  

----------

391    571    790    970    1336   1368   1386   1537   1571   2358   2830   3116   3368   3500   3789   4000   4306   4784   4824   4918   5436   5473   6382   6640   7236   7471   7478   7722   7897   8544   8745   8844   8976   9388   9471   9769   10514  10810  11055  11336  11647  12390  12969  12995  13189  13420  14894  14928  15281  15341  15351  15509  15879  17200  17491  17875  19107  19155  19632  19829  19887  20816  21132  21230  21620  22134  22189  22810  22994  23082  23107  23525  23817  24160  24169  24684  25239  26171  26228  26285  26526  26585  26691  26766  27328  27347  28349  28503  28681  29184  30383  30631  30695  31665  31733  31849  31976  32181  32744  32744  

----------

